X	Y	Z	number of the return	number of returns of given pulse	intensity	classification
680999.700	5239999.810	974.340	1	1	37	3
680999.920	5239999.520	974.490	1	2	12	4
680999.680	5239999.910	973.600	2	2	61	3
680999.830	5239999.880	971.500	1	1	128	2
680999.990	5239999.690	971.400	1	1	124	2
680999.190	5239999.700	975.350	1	1	11	4
680999.150	5239999.810	974.510	1	1	48	3
680999.190	5239999.810	974.000	1	1	43	3
680999.430	5239999.490	974.220	1	1	16	3
680999.280	5239999.840	972.300	1	1	65	3
680999.350	5239999.780	971.900	1	1	83	3
680999.480	5239999.640	971.690	1	1	104	3
680999.640	5239999.430	971.610	1	1	110	2
680999.800	5239999.250	971.500	1	1	119	2
680999.950	5239999.060	971.430	1	1	129	2
680998.710	5239999.920	974.590	1	1	52	3
680998.820	5239999.800	974.360	1	1	42	3
680998.900	5239999.740	973.920	1	1	27	3
680998.820	5239999.990	972.270	1	1	81	3
680998.940	5239999.840	972.050	1	1	72	3
680999.080	5239999.680	971.870	1	1	57	3
680999.250	5239999.460	971.870	1	1	51	3
680999.380	5239999.310	971.690	1	1	95	3
680999.520	5239999.150	971.500	1	1	123	2
680999.700	5239998.920	971.450	1	1	106	2
680999.860	5239998.730	971.380	1	1	136	2
680998.380	5239999.890	975.630	1	1	53	4
680998.410	5239999.900	975.060	1	1	61	4
680998.530	5239999.780	974.790	1	1	68	4
680998.700	5239999.550	974.770	1	1	49	4
680998.700	5239999.790	972.080	1	1	70	3
680998.800	5239999.690	971.760	1	1	65	2
680999.020	5239999.400	971.890	1	1	111	3
680999.180	5239999.200	971.820	1	1	81	3
680999.290	5239999.080	971.520	1	1	95	2
680999.450	5239998.890	971.440	1	1	93	2
680999.600	5239998.700	971.380	1	1	118	2
680999.780	5239998.470	971.340	1	1	128	2
680999.970	5239998.220	971.370	1	1	111	2
680997.880	5239999.830	977.050	1	1	38	4
680997.820	5239999.970	976.180	1	1	56	4
680998.030	5239999.700	976.250	1	1	71	4
680998.030	5239999.750	975.580	1	1	68	4
680997.990	5239999.880	974.760	1	1	18	4
680998.170	5239999.640	974.750	1	1	43	4
680998.410	5239999.320	974.980	1	1	83	4
680998.110	5239999.850	973.240	1	1	42	3
680998.180	5239999.860	972.070	1	1	60	3
680998.340	5239999.660	972.020	1	1	90	3
680998.500	5239999.460	971.910	1	1	77	3
680998.600	5239999.370	971.610	1	1	137	2
680998.760	5239999.170	971.520	1	1	108	2
680998.920	5239998.970	971.480	1	1	113	2
680999.100	5239998.740	971.440	1	1	118	2
680999.280	5239998.510	971.410	1	1	138	2
680999.460	5239998.290	971.410	1	1	91	2
680999.640	5239998.050	971.400	1	1	94	2
680999.820	5239997.830	971.400	1	1	75	2
680999.980	5239997.630	971.300	1	1	114	2
680997.330	5239999.940	975.760	1	1	74	4
680997.440	5239999.830	975.500	1	1	57	4
680997.560	5239999.690	975.300	1	1	50	4
680997.570	5239999.730	974.720	1	1	69	3
680997.800	5239999.420	974.830	1	1	11	4
680998.000	5239999.170	974.870	1	2	25	4
680997.630	5239999.750	973.530	2	2	32	3
680997.690	5239999.710	973.080	1	1	42	3
680997.810	5239999.590	972.830	1	2	35	3
680997.580	5239999.960	971.980	2	2	38	2
680997.700	5239999.810	971.780	1	1	93	2
680997.870	5239999.590	971.740	1	1	138	2
680998.030	5239999.400	971.670	1	1	141	2
680998.200	5239999.190	971.600	1	1	153	2
680998.360	5239999.000	971.470	1	1	120	2
680998.520	5239998.800	971.410	1	1	130	2
680998.720	5239998.550	971.440	1	1	149	2
680998.890	5239998.330	971.410	1	1	113	2
680999.080	5239998.080	971.470	1	1	115	2
680999.240	5239997.880	971.410	1	1	105	2
680999.420	5239997.650	971.370	1	1	133	2
680999.610	5239997.420	971.360	1	1	120	2
680999.770	5239997.220	971.300	1	1	96	2
680999.940	5239997.010	971.210	1	1	130	2
680996.980	5239999.830	976.220	1	1	55	4
680997.150	5239999.610	976.190	1	2	27	4
680996.950	5239999.930	975.460	2	2	26	4
680997.300	5239999.430	976.060	1	1	57	4
680997.260	5239999.560	975.220	1	1	84	4
680997.370	5239999.430	974.960	1	1	7	4
680997.170	5239999.920	972.230	1	1	43	3
680997.320	5239999.740	972.130	1	1	52	3
680997.410	5239999.660	971.750	1	1	51	2
680997.570	5239999.460	971.650	1	1	126	2
680997.740	5239999.250	971.610	1	1	133	2
680997.910	5239999.030	971.550	1	1	137	2
680998.080	5239998.830	971.480	1	1	134	2
680998.230	5239998.630	971.440	1	1	126	2
680998.430	5239998.390	971.460	1	1	147	2
680998.610	5239998.160	971.430	1	1	121	2
680998.800	5239997.910	971.450	1	1	137	2
680998.960	5239997.710	971.390	1	1	116	2
680999.160	5239997.460	971.400	1	1	132	2
680999.330	5239997.240	971.390	1	1	121	2
680999.480	5239997.060	971.310	1	1	123	2
680999.630	5239996.870	971.210	1	1	124	2
680999.840	5239996.610	971.250	1	1	105	2
680996.650	5239999.790	975.510	1	1	17	4
680996.860	5239999.780	972.270	1	1	43	3
680996.990	5239999.640	972.070	1	1	49	3
680997.180	5239999.390	972.070	1	1	45	3
680997.240	5239999.350	971.640	1	1	114	2
680997.410	5239999.140	971.590	1	1	94	2
680997.560	5239998.950	971.530	1	1	110	2
680997.760	5239998.700	971.540	1	1	98	2
680997.920	5239998.500	971.450	1	1	137	2
680998.110	5239998.260	971.460	1	1	132	2
680998.290	5239998.040	971.440	1	1	146	2
680998.470	5239997.800	971.450	1	1	134	2
680998.650	5239997.570	971.480	1	1	129	2
680998.810	5239997.370	971.390	1	1	108	2
680999.010	5239997.110	971.450	1	1	143	2
680999.170	5239996.920	971.320	1	1	146	2
680999.340	5239996.710	971.280	1	1	137	2
680999.510	5239996.500	971.210	1	1	130	2
680999.700	5239996.260	971.250	1	1	123	2
680999.880	5239996.010	971.300	1	1	124	2
680996.480	5239999.860	971.790	1	1	101	2
680996.650	5239999.650	971.750	1	1	74	2
680996.810	5239999.450	971.710	1	1	113	2
680996.980	5239999.240	971.620	1	1	96	2
680997.160	5239999.010	971.580	1	1	115	2
680997.340	5239998.790	971.560	1	1	103	2
680997.510	5239998.580	971.490	1	1	111	2
680997.670	5239998.380	971.440	1	1	104	2
680997.860	5239998.130	971.470	1	1	124	2
680998.040	5239997.900	971.490	1	1	143	2
680998.230	5239997.670	971.470	1	1	143	2
680998.400	5239997.450	971.420	1	1	110	2
680998.580	5239997.220	971.420	1	1	108	2
680998.770	5239996.970	971.420	1	1	111	2
680998.910	5239996.800	971.300	1	1	141	2
680999.090	5239996.580	971.300	1	1	121	2
680999.240	5239996.390	971.190	1	1	126	2
680999.420	5239996.160	971.170	1	1	108	2
680999.620	5239995.910	971.220	1	1	98	2
680999.810	5239995.670	971.240	1	1	137	2
680999.960	5239995.490	971.090	1	1	143	2
680996.050	5239999.890	971.980	1	1	101	2
680996.200	5239999.710	971.830	1	1	98	2
680996.370	5239999.500	971.770	1	1	115	2
680996.550	5239999.270	971.750	1	1	110	2
680996.710	5239999.070	971.670	1	1	95	2
680996.880	5239998.860	971.620	1	1	140	2
680997.050	5239998.650	971.590	1	1	130	2
680997.210	5239998.450	971.530	1	1	121	2
680997.390	5239998.220	971.490	1	1	121	2
680997.560	5239998.010	971.440	1	1	128	2
680997.760	5239997.750	971.510	1	1	137	2
680997.950	5239997.510	971.490	1	1	96	2
680998.130	5239997.280	971.480	1	1	137	2
680998.280	5239997.090	971.440	1	1	150	2
680998.450	5239996.870	971.390	1	1	111	2
680998.620	5239996.660	971.320	1	1	124	2
680998.800	5239996.440	971.250	1	1	130	2
680998.950	5239996.250	971.200	1	1	136	2
680999.140	5239996.020	971.170	1	1	140	2
680999.320	5239995.780	971.180	1	1	116	2
680999.500	5239995.550	971.200	1	1	115	2
680999.640	5239995.380	971.070	1	1	118	2
680999.820	5239995.160	971.020	1	1	144	2
680995.550	5239999.790	971.990	1	1	59	2
680995.730	5239999.570	972.000	1	1	77	3
680995.890	5239999.380	971.870	1	1	102	2
680996.030	5239999.200	971.770	1	1	107	2
680996.200	5239999.000	971.720	1	1	98	2
680996.380	5239998.770	971.690	1	1	115	2
680996.540	5239998.560	971.630	1	1	112	2
680996.720	5239998.340	971.560	1	1	105	2
680996.880	5239998.140	971.520	1	1	123	2
680997.060	5239997.920	971.460	1	1	100	2
680997.230	5239997.700	971.440	1	1	123	2
680997.400	5239997.480	971.420	1	1	126	2
680997.580	5239997.250	971.430	1	1	83	2
680997.760	5239997.030	971.380	1	1	102	2
680997.950	5239996.790	971.380	1	1	120	2
680998.120	5239996.570	971.350	1	1	136	2
680998.320	5239996.320	971.400	1	1	152	3
680998.460	5239996.160	971.230	1	1	132	2
680998.620	5239995.960	971.180	1	1	137	2
680998.780	5239995.750	971.110	1	1	119	2
680998.970	5239995.510	971.130	1	1	107	2
680999.150	5239995.290	971.080	1	1	119	2
680999.310	5239995.080	971.050	1	1	114	2
680999.500	5239994.840	971.010	1	1	130	2
680999.680	5239994.610	971.050	1	1	107	2
680999.830	5239994.420	970.950	1	1	149	2
680995.030	5239999.830	971.850	1	1	77	2
680995.250	5239999.540	972.000	1	1	92	2
680995.420	5239999.320	971.960	1	1	149	2
680995.570	5239999.130	971.900	1	1	118	2
680995.720	5239998.960	971.690	1	1	110	2
680995.900	5239998.730	971.680	1	1	100	2
680996.080	5239998.510	971.660	1	1	134	2
680996.250	5239998.290	971.610	1	1	116	2
680996.420	5239998.090	971.560	1	1	124	2
680996.580	5239997.880	971.500	1	1	115	2
680996.750	5239997.670	971.470	1	1	121	2
680996.930	5239997.450	971.420	1	1	104	2
680997.110	5239997.220	971.400	1	1	115	2
680997.280	5239997.000	971.380	1	1	121	2
680997.470	5239996.760	971.370	1	1	90	2
680997.660	5239996.520	971.410	1	1	121	2
680997.800	5239996.340	971.290	1	1	113	2
680997.990	5239996.110	971.300	1	1	116	2
680998.170	5239995.880	971.290	1	1	104	2
680998.330	5239995.680	971.180	1	1	112	2
680998.500	5239995.460	971.160	1	1	138	2
680998.690	5239995.230	971.150	1	1	130	2
680998.850	5239995.020	971.090	1	1	138	2
680999.010	5239994.820	971.060	1	1	146	2
680999.180	5239994.620	970.980	1	1	124	2
680999.370	5239994.370	971.010	1	1	121	2
680999.550	5239994.140	970.970	1	1	153	2
680999.710	5239993.940	970.920	1	1	130	2
680999.920	5239993.680	970.970	1	1	130	2
680994.630	5239999.880	971.830	1	1	118	2
680994.820	5239999.640	971.870	1	1	97	2
680995.030	5239999.370	971.930	1	1	130	2
680995.190	5239999.180	971.820	1	1	125	2
680995.360	5239998.960	971.790	1	1	108	2
680995.550	5239998.720	971.770	1	1	105	2
680995.700	5239998.540	971.670	1	1	96	2
680995.870	5239998.320	971.670	1	1	132	2
680996.040	5239998.100	971.640	1	1	120	2
680996.210	5239997.890	971.550	1	1	87	2
680996.380	5239997.680	971.500	1	1	100	2
680996.550	5239997.470	971.450	1	1	114	2
680996.740	5239997.230	971.440	1	1	104	2
680996.910	5239997.020	971.390	1	1	107	2
680997.070	5239996.810	971.360	1	1	123	2
680997.240	5239996.590	971.350	1	1	91	2
680997.450	5239996.330	971.390	1	1	83	2
680997.630	5239996.110	971.330	1	1	132	2
680997.780	5239995.910	971.290	1	1	98	2
680997.970	5239995.680	971.250	1	1	120	2
680998.140	5239995.460	971.220	1	1	118	2
680998.300	5239995.270	971.150	1	1	150	2
680998.470	5239995.050	971.150	1	1	123	2
680998.640	5239994.830	971.090	1	1	163	2
680998.820	5239994.610	971.030	1	1	144	2
680998.990	5239994.390	971.000	1	1	133	2
680999.180	5239994.160	971.010	1	1	137	2
680999.350	5239993.940	970.990	1	1	160	2
680999.520	5239993.720	970.950	1	1	128	2
680999.700	5239993.500	970.950	1	1	128	2
680999.860	5239993.290	970.890	1	1	116	2
680994.220	5239999.760	972.020	1	1	67	2
680994.390	5239999.550	971.900	1	1	102	2
680994.570	5239999.330	971.930	1	1	108	2
680994.750	5239999.100	971.880	1	1	101	2
680994.910	5239998.900	971.820	1	1	90	2
680995.080	5239998.680	971.800	1	1	100	2
680995.240	5239998.480	971.740	1	1	116	2
680995.410	5239998.270	971.650	1	1	128	2
680995.610	5239998.030	971.660	1	1	113	2
680995.770	5239997.820	971.620	1	1	110	2
680995.930	5239997.620	971.510	1	1	103	2
680996.110	5239997.400	971.480	1	1	113	2
680996.270	5239997.190	971.460	1	1	94	2
680996.450	5239996.970	971.460	1	1	88	2
680996.640	5239996.730	971.450	1	1	92	2
680996.810	5239996.510	971.390	1	1	86	2
680996.990	5239996.290	971.360	1	1	136	2
680997.160	5239996.070	971.350	1	1	130	2
680997.330	5239995.860	971.280	1	1	96	2
680997.500	5239995.640	971.270	1	1	97	2
680997.670	5239995.430	971.220	1	1	120	2
680997.840	5239995.220	971.180	1	1	160	2
680998.030	5239994.970	971.160	1	1	143	2
680998.190	5239994.780	971.100	1	1	114	2
680998.380	5239994.540	971.070	1	1	137	2
680998.540	5239994.340	971.050	1	1	141	2
680998.710	5239994.130	970.980	1	1	118	2
680998.880	5239993.920	970.970	1	1	123	2
680999.060	5239993.690	970.920	1	1	104	2
680999.250	5239993.430	970.970	1	1	124	2
680999.430	5239993.220	970.950	1	1	125	2
680999.620	5239992.970	970.940	1	1	98	2
680999.770	5239992.790	970.850	1	1	146	2
680999.930	5239992.590	970.800	1	1	105	2
680993.690	5239999.920	972.040	1	1	58	2
680993.840	5239999.720	971.980	1	1	81	2
680994.020	5239999.500	971.940	1	1	114	2
680994.200	5239999.280	971.920	1	1	124	2
680994.380	5239999.050	971.910	1	1	119	2
680994.540	5239998.850	971.870	1	1	112	2
680994.710	5239998.640	971.780	1	1	89	2
680994.900	5239998.400	971.780	1	1	112	2
680995.060	5239998.210	971.690	1	1	138	2
680995.230	5239998.000	971.620	1	1	115	2
680995.390	5239997.790	971.600	1	1	113	2
680995.560	5239997.570	971.560	1	1	111	2
680995.730	5239997.370	971.510	1	1	105	2
680995.910	5239997.130	971.490	1	1	90	2
680996.100	5239996.890	971.480	1	1	89	2
680996.270	5239996.680	971.430	1	1	101	2
680996.450	5239996.450	971.430	1	1	93	2
680996.630	5239996.220	971.410	1	1	115	2
680996.780	5239996.040	971.340	1	1	93	2
680996.960	5239995.820	971.300	1	1	118	2
680997.150	5239995.570	971.330	1	1	130	3
680997.320	5239995.350	971.270	1	1	119	2
680997.480	5239995.160	971.190	1	1	115	2
680997.650	5239994.950	971.130	1	1	114	2
680997.840	5239994.700	971.170	1	1	129	2
680998.000	5239994.500	971.120	1	1	130	2
680998.180	5239994.270	971.110	1	1	116	2
680998.350	5239994.060	971.050	1	1	144	2
680998.530	5239993.830	971.010	1	1	178	2
680998.680	5239993.640	970.920	1	1	104	2
680998.870	5239993.400	970.920	1	1	123	2
680999.050	5239993.180	970.930	1	1	124	2
680999.240	5239992.940	970.960	1	1	123	3
680999.390	5239992.750	970.880	1	1	132	2
680999.570	5239992.530	970.820	1	1	133	2
680999.740	5239992.320	970.760	1	1	105	2
680999.910	5239992.100	970.730	1	1	78	2
680993.370	5239999.880	972.120	1	1	54	3
680993.510	5239999.720	971.970	1	1	88	2
680993.690	5239999.500	971.960	1	1	103	2
680993.840	5239999.310	971.870	1	1	105	2
680994.030	5239999.080	971.850	1	1	125	2
680994.230	5239998.810	971.900	1	1	98	2
680994.390	5239998.610	971.830	1	1	110	2
680994.570	5239998.390	971.760	1	1	96	2
680994.730	5239998.190	971.730	1	1	107	2
680994.900	5239997.980	971.670	1	1	111	2
680995.050	5239997.790	971.600	1	1	93	2
680995.240	5239997.560	971.570	1	1	102	2
680995.410	5239997.330	971.550	1	1	111	2
680995.600	5239997.100	971.530	1	1	90	2
680995.770	5239996.890	971.470	1	1	85	2
680995.940	5239996.670	971.440	1	1	114	2
680996.120	5239996.450	971.470	1	1	103	2
680996.280	5239996.240	971.390	1	1	118	2
680996.470	5239996.000	971.400	1	1	138	2
680996.650	5239995.780	971.340	1	1	103	2
680996.800	5239995.590	971.280	1	1	110	2
680996.990	5239995.340	971.270	1	1	121	2
680997.160	5239995.130	971.230	1	1	120	2
680997.320	5239994.930	971.190	1	1	105	2
680997.500	5239994.710	971.170	1	1	129	2
680997.670	5239994.500	971.110	1	1	129	2
680997.860	5239994.260	971.090	1	1	116	2
680998.020	5239994.050	971.050	1	1	95	2
680998.200	5239993.830	971.000	1	1	86	2
680998.360	5239993.620	970.970	1	1	105	2
680998.540	5239993.400	970.940	1	1	120	2
680998.700	5239993.210	970.890	1	1	107	2
680998.900	5239992.950	970.920	1	1	133	2
680999.070	5239992.730	970.870	1	1	125	2
680999.250	5239992.500	970.860	1	1	134	2
680999.420	5239992.290	970.790	1	1	128	2
680999.580	5239992.080	970.780	1	1	106	2
680999.750	5239991.870	970.730	1	1	115	2
680999.910	5239991.670	970.690	1	1	102	2
680992.940	5239999.790	972.660	1	1	26	3
680993.150	5239999.500	972.770	1	1	38	3
680993.270	5239999.370	972.560	1	1	49	3
680993.420	5239999.210	972.370	1	1	43	3
680993.480	5239999.160	971.920	1	1	90	2
680993.630	5239998.970	971.830	1	1	98	2
680993.820	5239998.730	971.810	1	1	93	2
680994.000	5239998.510	971.790	1	1	90	2
680994.160	5239998.300	971.780	1	1	105	2
680994.330	5239998.090	971.740	1	1	110	2
680994.520	5239997.860	971.700	1	1	112	2
680994.690	5239997.640	971.620	1	1	118	2
680994.850	5239997.450	971.580	1	1	129	2
680995.030	5239997.210	971.550	1	1	98	2
680995.200	5239997.000	971.510	1	1	100	2
680995.380	5239996.770	971.510	1	1	94	2
680995.550	5239996.560	971.490	1	1	91	2
680995.740	5239996.320	971.470	1	1	136	2
680995.920	5239996.090	971.450	1	1	111	2
680996.090	5239995.880	971.390	1	1	133	2
680996.260	5239995.660	971.370	1	1	129	2
680996.420	5239995.460	971.290	1	1	111	2
680996.590	5239995.260	971.240	1	1	104	2
680996.770	5239995.020	971.260	1	1	104	2
680996.930	5239994.830	971.160	1	1	128	2
680997.110	5239994.600	971.120	1	1	126	2
680997.300	5239994.350	971.160	1	1	132	2
680997.460	5239994.160	971.060	1	1	130	2
680997.620	5239993.960	971.020	1	1	108	2
680997.800	5239993.730	971.000	1	1	102	2
680997.960	5239993.530	970.940	1	1	107	2
680998.150	5239993.300	970.920	1	1	130	2
680998.330	5239993.070	970.900	1	1	133	2
680998.500	5239992.840	970.890	1	1	101	2
680998.680	5239992.630	970.830	1	1	149	2
680998.860	5239992.400	970.850	1	1	116	2
680999.030	5239992.180	970.820	1	1	125	2
680999.200	5239991.970	970.800	1	1	120	2
680999.380	5239991.730	970.790	1	1	124	2
680999.550	5239991.530	970.710	1	1	115	2
680999.720	5239991.310	970.690	1	1	100	2
680999.900	5239991.100	970.620	1	1	91	2
680992.460	5239999.630	972.690	1	1	67	3
680992.740	5239999.250	973.010	1	1	39	3
680992.800	5239999.200	972.550	1	1	47	3
680992.910	5239999.080	972.320	1	1	49	3
680993.020	5239998.960	972.000	1	1	50	3
680993.170	5239998.790	971.890	1	1	92	3
680993.320	5239998.610	971.780	1	1	120	2
680993.490	5239998.390	971.780	1	1	82	2
680993.690	5239998.140	971.760	1	1	86	2
680993.870	5239997.910	971.760	1	1	106	2
680994.030	5239997.720	971.660	1	1	116	2
680994.210	5239997.480	971.660	1	1	113	2
680994.380	5239997.280	971.610	1	1	106	2
680994.550	5239997.050	971.580	1	1	124	2
680994.730	5239996.830	971.570	1	1	110	2
680994.920	5239996.590	971.570	1	1	82	2
680995.100	5239996.360	971.550	1	1	79	2
680995.290	5239996.110	971.590	1	1	110	2
680995.460	5239995.910	971.500	1	1	124	2
680995.610	5239995.720	971.410	1	1	95	2
680995.780	5239995.500	971.400	1	1	108	2
680995.990	5239995.230	971.510	1	1	82	3
680996.130	5239995.060	971.350	1	1	125	2
680996.300	5239994.850	971.260	1	1	125	2
680996.470	5239994.630	971.240	1	1	152	2
680996.660	5239994.390	971.220	1	1	138	2
680996.830	5239994.190	971.200	1	1	147	2
680996.980	5239994.000	971.110	1	1	102	2
680997.140	5239993.800	971.040	1	1	103	2
680997.310	5239993.600	970.950	1	1	77	2
680997.500	5239993.350	970.960	1	1	74	2
680997.660	5239993.160	970.910	1	1	88	2
680997.840	5239992.920	970.860	1	1	95	2
680998.010	5239992.710	970.860	1	1	126	2
680998.180	5239992.500	970.810	1	1	119	2
680998.360	5239992.270	970.830	1	1	120	2
680998.560	5239992.010	970.850	1	1	132	2
680998.720	5239991.810	970.780	1	1	130	2
680998.880	5239991.620	970.690	1	1	124	2
680999.080	5239991.370	970.730	1	1	125	2
680999.250	5239991.150	970.700	1	1	123	2
680999.410	5239990.950	970.660	1	1	98	2
680999.580	5239990.720	970.640	1	1	103	2
680999.760	5239990.510	970.600	1	1	112	2
680999.940	5239990.280	970.560	1	1	103	2
680991.900	5239999.840	972.470	1	1	62	2
680992.100	5239999.590	972.480	1	1	92	2
680992.270	5239999.370	972.480	1	1	93	2
680992.460	5239999.120	972.490	1	1	53	3
680992.600	5239998.960	972.320	1	1	45	3
680992.680	5239998.880	971.980	1	1	61	2
680992.830	5239998.710	971.870	1	1	103	2
680992.990	5239998.510	971.770	1	1	108	2
680993.200	5239998.240	971.830	1	1	88	2
680993.370	5239998.020	971.810	1	1	81	2
680993.550	5239997.800	971.760	1	1	106	2
680993.720	5239997.590	971.720	1	1	118	2
680993.880	5239997.380	971.660	1	1	101	2
680994.050	5239997.170	971.630	1	1	116	2
680994.240	5239996.930	971.610	1	1	97	2
680994.410	5239996.720	971.560	1	1	101	2
680994.600	5239996.480	971.570	1	1	103	2
680994.790	5239996.240	971.590	1	1	79	2
680994.970	5239996.010	971.580	1	1	94	2
680995.130	5239995.800	971.550	1	1	70	2
680995.450	5239995.350	972.060	1	2	28	3
680995.320	5239995.560	971.570	2	2	30	2
680995.500	5239995.330	971.550	1	1	77	3
680995.730	5239995.030	971.680	1	1	132	3
680995.850	5239994.890	971.480	1	1	94	2
680995.990	5239994.720	971.310	1	1	118	2
680996.150	5239994.540	971.220	1	1	124	2
680996.320	5239994.320	971.180	1	1	107	2
680996.510	5239994.070	971.270	1	1	138	3
680996.670	5239993.870	971.160	1	1	136	2
680996.840	5239993.660	971.080	1	1	97	2
680997.010	5239993.450	971.040	1	1	114	2
680997.180	5239993.240	970.960	1	1	83	2
680997.340	5239993.040	970.930	1	1	101	2
680997.520	5239992.820	970.900	1	1	96	2
680997.700	5239992.590	970.910	1	1	115	2
680997.880	5239992.360	970.890	1	1	125	2
680998.060	5239992.140	970.850	1	1	123	2
680998.220	5239991.940	970.780	1	1	129	2
680998.400	5239991.700	970.760	1	1	125	2
680998.550	5239991.510	970.700	1	1	112	2
680998.730	5239991.290	970.690	1	1	102	2
680998.930	5239991.030	970.770	1	1	119	2
680999.120	5239990.790	970.770	1	1	91	2
680999.270	5239990.620	970.630	1	1	86	2
680999.430	5239990.420	970.560	1	1	97	2
680999.610	5239990.180	970.540	1	1	104	2
680999.780	5239989.970	970.490	1	1	113	2
680999.930	5239989.780	970.460	1	1	118	2
680991.510	5239999.970	972.600	1	1	45	3
680991.690	5239999.730	972.620	1	1	52	3
680991.860	5239999.530	972.540	1	1	58	2
680992.030	5239999.310	972.520	1	1	90	3
680992.220	5239999.060	972.560	1	1	47	3
680992.360	5239998.910	972.380	1	1	45	3
680992.450	5239998.820	972.010	1	1	51	2
680992.600	5239998.640	971.900	1	1	96	2
680992.750	5239998.460	971.780	1	1	104	2
680992.940	5239998.210	971.800	1	1	74	2
680993.140	5239997.950	971.840	1	1	103	2
680993.290	5239997.770	971.780	1	1	90	2
680993.470	5239997.540	971.770	1	1	89	2
680993.650	5239997.320	971.710	1	1	108	2
680993.830	5239997.080	971.680	1	1	108	2
680993.990	5239996.880	971.650	1	1	91	2
680994.180	5239996.640	971.610	1	1	104	2
680994.350	5239996.430	971.580	1	1	96	2
680994.540	5239996.190	971.610	1	1	100	2
680994.700	5239995.990	971.580	1	1	85	2
680994.910	5239995.710	971.650	1	1	92	2
680995.170	5239995.370	971.890	1	1	45	3
680995.290	5239995.230	971.680	1	1	78	3
680995.500	5239994.950	971.760	1	1	98	3
680995.600	5239994.860	971.460	1	1	96	2
680995.780	5239994.630	971.460	1	1	95	2
680995.910	5239994.470	971.320	1	1	123	2
680996.080	5239994.260	971.230	1	1	103	2
680996.260	5239994.040	971.190	1	1	137	2
680996.420	5239993.830	971.140	1	1	112	2
680996.600	5239993.610	971.090	1	1	107	2
680996.770	5239993.390	971.070	1	1	121	2
680996.920	5239993.210	970.990	1	1	97	2
680997.080	5239993.010	970.910	1	1	126	2
680997.270	5239992.770	970.910	1	1	91	2
680997.460	5239992.530	970.940	1	1	124	2
680997.630	5239992.320	970.870	1	1	107	2
680997.810	5239992.090	970.870	1	1	89	2
680997.970	5239991.880	970.790	1	1	97	2
680998.130	5239991.690	970.740	1	1	129	2
680998.310	5239991.470	970.720	1	1	103	2
680998.480	5239991.240	970.700	1	1	102	2
680998.690	5239990.970	970.750	1	1	132	2
680998.880	5239990.720	970.830	1	1	144	2
680999.030	5239990.550	970.650	1	1	105	2
680999.180	5239990.370	970.560	1	1	105	2
680999.350	5239990.160	970.520	1	1	92	2
680999.510	5239989.950	970.490	1	1	133	2
680999.710	5239989.700	970.510	1	1	93	2
680999.880	5239989.490	970.420	1	1	98	2
680991.180	5239999.790	972.640	1	1	72	3
680991.340	5239999.590	972.550	1	1	51	2
680991.500	5239999.380	972.540	1	1	45	3
680991.650	5239999.200	972.420	1	1	62	3
680991.760	5239999.080	972.120	1	1	47	2
680991.960	5239998.830	972.140	1	1	40	2
680992.160	5239998.570	972.230	1	1	50	3
680992.250	5239998.480	971.850	1	1	113	2
680992.410	5239998.280	971.790	1	1	102	2
680992.570	5239998.080	971.730	1	1	110	2
680992.760	5239997.840	971.770	1	1	91	2
680992.970	5239997.580	971.810	1	1	96	2
680993.150	5239997.340	971.790	1	1	101	2
680993.300	5239997.160	971.680	1	1	92	2
680993.490	5239996.920	971.690	1	1	71	2
680993.680	5239996.670	971.730	1	1	92	2
680993.910	5239996.370	971.900	1	1	55	2
680994.040	5239996.220	971.730	1	1	88	2
680994.200	5239996.010	971.660	1	1	108	2
680994.450	5239995.690	971.830	1	1	59	3
680994.620	5239995.460	971.820	1	1	59	3
680994.770	5239995.290	971.690	1	1	143	2
680994.950	5239995.050	971.700	1	1	92	3
680995.160	5239994.780	971.800	1	1	100	3
680995.300	5239994.620	971.650	1	1	155	3
680995.420	5239994.490	971.400	1	1	98	2
680995.580	5239994.290	971.300	1	1	138	2
680995.740	5239994.090	971.240	1	1	118	2
680995.900	5239993.890	971.130	1	1	112	2
680996.070	5239993.680	971.100	1	1	103	2
680996.250	5239993.450	971.110	1	1	116	2
680996.410	5239993.250	971.050	1	1	120	2
680996.570	5239993.050	970.950	1	1	95	2
680996.770	5239992.800	970.960	1	1	89	2
680996.940	5239992.580	970.970	1	1	102	2
680997.130	5239992.350	970.930	1	1	94	2
680997.290	5239992.150	970.880	1	1	107	2
680997.460	5239991.930	970.860	1	1	53	2
680997.630	5239991.720	970.830	1	1	93	2
680997.790	5239991.510	970.750	1	1	113	2
680998.070	5239991.140	971.080	1	1	90	3
680998.200	5239990.990	970.880	1	1	82	3
680998.340	5239990.820	970.720	1	1	97	2
680998.530	5239990.580	970.770	1	1	108	2
680998.680	5239990.390	970.680	1	1	110	2
680998.830	5239990.210	970.570	1	1	93	2
680999.010	5239989.990	970.530	1	1	113	2
680999.190	5239989.760	970.480	1	1	114	2
680999.350	5239989.550	970.460	1	1	103	2
680999.540	5239989.310	970.460	1	1	106	2
680999.700	5239989.120	970.390	1	1	118	2
680999.860	5239988.910	970.360	1	1	103	2
680990.580	5239999.840	972.630	1	1	57	3
680990.750	5239999.630	972.570	1	1	57	3
680991.050	5239999.210	973.050	1	2	48	3
680990.870	5239999.490	972.390	2	2	74	2
680991.180	5239999.070	972.800	1	2	56	3
680991.000	5239999.360	972.140	2	2	47	2
680991.240	5239999.030	972.340	1	1	54	3
680991.370	5239998.880	972.130	1	1	69	2
680991.490	5239998.740	971.910	1	1	106	2
680991.680	5239998.500	971.940	1	1	82	2
680991.850	5239998.290	971.900	1	1	86	2
680992.000	5239998.110	971.780	1	1	94	2
680992.170	5239997.890	971.750	1	1	102	2
680992.370	5239997.640	971.730	1	1	95	2
680992.540	5239997.420	971.730	1	1	107	2
680992.730	5239997.180	971.730	1	1	115	2
680992.890	5239996.990	971.650	1	1	85	2
680993.080	5239996.740	971.700	1	1	26	2
680993.290	5239996.470	971.800	1	1	68	2
680993.550	5239996.120	972.060	1	1	47	2
680993.710	5239995.920	971.960	1	1	59	2
680993.850	5239995.750	971.830	1	1	83	2
680994.030	5239995.530	971.770	1	1	105	2
680994.190	5239995.330	971.700	1	1	126	2
680995.240	5239993.720	974.960	1	2	9	4
680994.310	5239995.200	971.490	2	2	72	2
680994.440	5239995.040	971.340	1	1	108	2
680994.830	5239994.490	972.040	1	1	59	3
680995.390	5239993.660	973.430	1	2	9	3
680995.000	5239994.280	971.970	2	2	93	3
680995.330	5239993.810	972.560	1	2	9	3
680995.090	5239994.180	971.670	2	2	126	3
680995.280	5239993.940	971.650	1	1	66	3
680995.350	5239993.890	971.260	1	1	118	2
680995.520	5239993.680	971.200	1	1	123	2
680995.650	5239993.510	971.090	1	1	124	2
680995.830	5239993.290	971.030	1	1	105	2
680996.040	5239993.030	971.090	1	1	118	2
680996.180	5239992.860	970.950	1	1	101	2
680996.350	5239992.640	970.920	1	1	83	2
680996.530	5239992.420	970.880	1	1	76	2
680996.710	5239992.190	970.910	1	1	94	2
680996.870	5239991.990	970.840	1	1	91	2
680997.050	5239991.760	970.820	1	1	107	2
680997.230	5239991.530	970.790	1	1	112	2
680997.400	5239991.320	970.750	1	1	124	2
680997.590	5239991.080	970.760	1	1	73	2
680997.760	5239990.870	970.720	1	1	115	2
680997.920	5239990.660	970.690	1	1	114	2
680998.090	5239990.450	970.660	1	1	116	2
680998.290	5239990.190	970.710	1	1	112	2
680998.460	5239989.990	970.610	1	1	114	2
680998.620	5239989.790	970.550	1	1	101	2
680998.800	5239989.560	970.520	1	1	123	2
680998.950	5239989.370	970.450	1	1	104	2
680999.110	5239989.170	970.370	1	1	110	2
680999.290	5239988.940	970.390	1	1	124	2
680999.470	5239988.710	970.360	1	1	113	2
680999.660	5239988.480	970.350	1	1	115	2
680999.820	5239988.280	970.310	1	1	120	2
680990.030	5239999.970	972.440	1	1	93	3
680990.260	5239999.670	972.620	1	1	120	3
680990.630	5239999.150	973.260	1	2	17	3
680990.410	5239999.490	972.480	2	2	90	3
680990.740	5239999.030	972.950	1	2	53	3
680990.580	5239999.270	972.400	2	2	78	3
680990.790	5239999.010	972.510	1	1	47	3
680990.950	5239998.810	972.390	1	1	93	3
680991.050	5239998.710	972.100	1	1	79	2
680991.240	5239998.450	972.170	1	1	85	3
680991.350	5239998.340	971.900	1	1	98	2
680991.540	5239998.110	971.880	1	1	86	2
680991.700	5239997.900	971.790	1	1	119	2
680991.870	5239997.690	971.750	1	1	106	2
680992.050	5239997.460	971.720	1	1	144	2
680992.210	5239997.270	971.620	1	1	125	2
680992.390	5239997.040	971.640	1	1	100	2
680992.560	5239996.820	971.630	1	1	73	2
680992.770	5239996.560	971.660	1	1	81	2
680993.150	5239996.010	972.360	1	1	39	3
680993.300	5239995.820	972.300	1	1	52	3
680993.470	5239995.630	972.190	1	1	55	3
680993.650	5239995.390	972.200	1	1	40	3
680993.790	5239995.220	972.060	1	1	153	3
680993.820	5239995.230	971.530	1	1	118	2
680993.980	5239995.040	971.400	1	1	126	2
680994.150	5239994.820	971.340	1	1	71	2
680994.380	5239994.510	971.530	1	1	72	3
680994.710	5239994.060	972.060	1	1	126	3
680994.860	5239993.870	971.970	1	1	125	3
680994.990	5239993.720	971.760	1	1	76	3
680995.120	5239993.580	971.580	1	1	132	3
680995.210	5239993.490	971.240	1	1	121	2
680995.370	5239993.290	971.110	1	1	124	2
680995.530	5239993.090	971.060	1	1	90	2
680995.760	5239992.790	971.190	1	1	101	3
680995.880	5239992.640	971.020	1	1	88	2
680996.040	5239992.460	970.920	1	1	107	2
680996.190	5239992.270	970.820	1	1	86	2
680996.390	5239992.010	970.870	1	1	87	2
680996.560	5239991.800	970.820	1	1	100	2
680996.730	5239991.580	970.790	1	1	87	2
680996.910	5239991.360	970.740	1	1	123	2
680997.090	5239991.130	970.760	1	1	88	2
680997.260	5239990.920	970.730	1	1	97	2
680997.450	5239990.680	970.770	1	1	86	2
680997.620	5239990.460	970.700	1	1	79	2
680997.850	5239990.150	970.890	1	1	87	3
680997.990	5239990.000	970.710	1	1	126	2
680998.130	5239989.820	970.550	1	1	98	2
680998.300	5239989.620	970.520	1	1	95	2
680998.450	5239989.430	970.430	1	1	108	2
680998.630	5239989.210	970.420	1	1	102	2
680998.800	5239988.990	970.370	1	1	114	2
680998.990	5239988.750	970.390	1	1	124	2
680999.170	5239988.510	970.390	1	1	119	2
680999.350	5239988.290	970.370	1	1	125	2
680999.520	5239988.080	970.340	1	1	120	2
680999.700	5239987.850	970.360	1	1	107	2
680999.850	5239987.660	970.260	1	1	124	2
680989.640	5239999.910	972.280	1	1	129	2
680989.850	5239999.630	972.350	1	1	149	2
680990.010	5239999.430	972.290	1	1	110	2
680990.190	5239999.220	972.200	1	1	67	2
680990.410	5239998.920	972.360	1	1	50	3
680990.600	5239998.680	972.420	1	1	44	3
680990.720	5239998.540	972.190	1	1	71	2
680990.880	5239998.350	972.080	1	1	92	2
680991.040	5239998.150	971.960	1	1	78	2
680991.190	5239997.970	971.890	1	1	102	2
680991.380	5239997.730	971.850	1	1	94	2
680991.530	5239997.550	971.760	1	1	81	2
680991.700	5239997.330	971.720	1	1	138	2
680991.860	5239997.140	971.660	1	1	143	2
680992.050	5239996.890	971.650	1	1	98	2
680992.240	5239996.660	971.640	1	1	110	2
680992.410	5239996.430	971.620	1	1	100	2
680992.930	5239995.730	972.190	1	1	45	3
680993.110	5239995.500	972.190	1	1	48	3
680993.250	5239995.340	972.030	1	1	74	3
680993.450	5239995.080	972.080	1	1	62	3
680993.570	5239994.950	971.830	1	1	110	3
680993.660	5239994.860	971.500	1	1	133	2
680993.820	5239994.670	971.360	1	1	96	2
680994.060	5239994.340	971.630	1	1	66	3
680994.310	5239994.010	971.880	1	1	91	3
680994.520	5239993.720	972.000	1	1	147	3
680994.680	5239993.530	971.890	1	1	137	3
680994.830	5239993.350	971.770	1	1	150	3
680994.870	5239993.350	971.240	1	1	123	2
680995.040	5239993.130	971.160	1	1	89	2
680995.230	5239992.890	971.190	1	1	105	3
680995.360	5239992.740	971.060	1	1	125	2
680995.520	5239992.530	970.980	1	1	103	2
680995.680	5239992.340	970.880	1	1	108	2
680995.860	5239992.120	970.820	1	1	89	2
680996.040	5239991.880	970.870	1	1	103	2
680996.230	5239991.640	970.830	1	1	95	2
680996.400	5239991.430	970.810	1	1	110	2
680996.560	5239991.240	970.720	1	1	94	2
680996.740	5239991.010	970.780	1	1	111	2
680996.920	5239990.770	970.740	1	1	91	2
680997.120	5239990.530	970.760	1	1	92	2
680997.310	5239990.280	970.790	1	1	92	2
680997.490	5239990.040	970.810	1	1	104	2
680997.650	5239989.860	970.720	1	1	102	2
680997.810	5239989.660	970.650	1	1	108	2
680997.950	5239989.480	970.550	1	1	97	2
680998.130	5239989.260	970.510	1	1	107	2
680998.310	5239989.040	970.460	1	1	87	2
680998.480	5239988.830	970.420	1	1	114	2
680998.650	5239988.610	970.370	1	1	118	2
680998.820	5239988.400	970.330	1	1	133	2
680999.000	5239988.170	970.350	1	1	95	2
680999.170	5239987.950	970.340	1	1	81	2
680999.370	5239987.690	970.390	1	1	106	3
680999.520	5239987.510	970.250	1	1	91	2
680999.680	5239987.310	970.200	1	1	106	2
680999.870	5239987.080	970.190	1	1	112	2
680989.390	5239999.840	972.240	1	1	125	2
680989.590	5239999.580	972.260	1	1	152	2
680989.770	5239999.360	972.230	1	1	133	2
680989.920	5239999.170	972.150	1	1	101	2
680990.090	5239998.960	972.130	1	1	102	2
680990.340	5239998.630	972.300	1	1	51	3
680990.540	5239998.370	972.340	1	1	51	3
680990.680	5239998.210	972.210	1	1	54	3
680990.790	5239998.090	971.930	1	1	91	2
680990.960	5239997.880	971.860	1	1	108	2
680991.130	5239997.670	971.840	1	1	83	2
680991.290	5239997.460	971.800	1	1	97	2
680991.460	5239997.250	971.720	1	1	106	2
680991.640	5239997.030	971.650	1	1	95	2
680991.820	5239996.800	971.660	1	1	137	2
680991.990	5239996.580	971.610	1	1	128	2
680992.160	5239996.380	971.580	1	1	98	2
680992.350	5239996.130	971.600	1	1	87	2
680992.530	5239995.900	971.620	1	1	72	2
680992.800	5239995.540	971.900	1	1	49	3
680992.950	5239995.350	971.770	1	1	129	3
680993.160	5239995.080	971.850	1	1	62	3
680993.300	5239994.910	971.710	1	1	125	3
680993.440	5239994.750	971.540	1	1	114	2
680993.570	5239994.590	971.390	1	1	100	2
680993.730	5239994.400	971.310	1	1	82	2
680994.030	5239993.990	971.720	1	1	82	3
680994.220	5239993.750	971.700	1	1	136	3
680994.380	5239993.550	971.650	1	1	95	3
680994.500	5239993.420	971.380	1	1	115	2
680994.640	5239993.250	971.240	1	1	118	2
680994.780	5239993.080	971.120	1	1	87	2
680994.970	5239992.840	971.160	1	1	103	2
680995.130	5239992.640	971.060	1	1	129	2
680995.290	5239992.440	970.940	1	1	116	2
680995.450	5239992.250	970.870	1	1	104	2
680995.640	5239992.000	970.900	1	1	106	2
680995.820	5239991.780	970.900	1	1	87	2
680996.000	5239991.550	970.880	1	1	84	2
680996.150	5239991.360	970.800	1	1	97	2
680996.320	5239991.160	970.740	1	1	105	2
680996.510	5239990.910	970.760	1	1	111	2
680996.670	5239990.710	970.680	1	1	81	2
680996.870	5239990.460	970.710	1	1	74	2
680997.080	5239990.180	970.850	1	1	98	3
680997.270	5239989.940	970.890	1	1	102	3
680997.410	5239989.760	970.750	1	1	95	2
680997.580	5239989.550	970.680	1	1	147	2
680997.750	5239989.340	970.660	1	1	94	2
680997.920	5239989.140	970.580	1	1	118	2
680998.070	5239988.950	970.450	1	1	92	2
680998.250	5239988.730	970.440	1	1	73	2
680998.400	5239988.540	970.380	1	1	119	2
680998.570	5239988.320	970.340	1	1	111	2
680998.750	5239988.110	970.280	1	1	112	2
680998.930	5239987.870	970.270	1	1	95	2
680999.120	5239987.630	970.350	1	1	107	2
680999.300	5239987.400	970.290	1	1	102	2
680999.450	5239987.210	970.200	1	1	104	2
680999.620	5239987.000	970.200	1	1	97	2
680999.780	5239986.810	970.140	1	1	95	2
680999.970	5239986.570	970.110	1	1	107	2
680988.880	5239999.960	972.240	1	1	129	2
680989.050	5239999.760	972.190	1	1	115	2
680989.230	5239999.520	972.190	1	1	91	2
680989.400	5239999.310	972.170	1	1	133	2
680989.570	5239999.090	972.120	1	1	105	2
680989.760	5239998.860	972.060	1	1	120	2
680989.930	5239998.650	972.050	1	1	126	2
680990.140	5239998.370	972.110	1	1	66	2
680990.290	5239998.190	972.020	1	1	118	2
680990.460	5239997.980	971.970	1	1	120	2
680990.610	5239997.800	971.870	1	1	100	2
680990.790	5239997.570	971.840	1	1	95	2
680990.960	5239997.360	971.770	1	1	126	2
680991.130	5239997.160	971.700	1	1	126	2
680991.290	5239996.950	971.630	1	1	100	2
680991.480	5239996.710	971.630	1	1	103	2
680991.640	5239996.500	971.610	1	1	138	2
680991.820	5239996.280	971.590	1	1	138	2
680992.030	5239996.010	971.640	1	1	88	2
680992.220	5239995.770	971.650	1	1	63	2
680992.390	5239995.550	971.650	1	1	104	2
680992.570	5239995.320	971.600	1	1	56	2
680992.800	5239995.020	971.760	1	1	54	3
680992.930	5239994.860	971.630	1	1	70	3
680993.090	5239994.670	971.540	1	1	119	2
680993.260	5239994.460	971.470	1	1	118	2
680993.490	5239994.160	971.600	1	1	94	3
680993.660	5239993.930	971.600	1	1	124	3
680993.800	5239993.770	971.430	1	1	115	2
680993.950	5239993.600	971.300	1	1	153	2
680994.110	5239993.390	971.240	1	1	121	2
680994.270	5239993.190	971.180	1	1	123	2
680994.440	5239992.980	971.140	1	1	100	2
680994.620	5239992.760	971.060	1	1	119	2
680994.780	5239992.550	971.020	1	1	95	2
680994.960	5239992.340	970.940	1	1	120	2
680995.110	5239992.140	970.900	1	1	106	2
680995.300	5239991.910	970.910	1	1	91	2
680995.490	5239991.650	970.980	1	1	91	2
680995.660	5239991.450	970.890	1	1	97	2
680995.840	5239991.230	970.870	1	1	115	2
680996.010	5239991.010	970.810	1	1	95	2
680996.180	5239990.800	970.760	1	1	95	2
680996.340	5239990.600	970.700	1	1	101	2
680996.490	5239990.410	970.630	1	1	78	2
680996.730	5239990.090	970.850	1	1	100	3
680996.930	5239989.840	970.870	1	1	101	3
680997.090	5239989.640	970.780	1	1	94	2
680997.230	5239989.470	970.660	1	1	101	2
680997.430	5239989.220	970.680	1	1	87	3
680997.570	5239989.050	970.540	1	1	102	2
680997.730	5239988.850	970.490	1	1	101	2
680997.970	5239988.530	970.720	1	1	56	3
680998.130	5239988.330	970.640	1	1	69	3
680998.270	5239988.170	970.420	1	1	96	2
680998.400	5239988.010	970.290	1	1	104	2
680998.590	5239987.770	970.300	1	1	100	2
680998.770	5239987.550	970.280	1	1	115	2
680998.940	5239987.340	970.240	1	1	119	2
680999.090	5239987.140	970.210	1	1	110	2
680999.280	5239986.910	970.180	1	1	95	2
680999.450	5239986.680	970.120	1	1	112	2
680999.620	5239986.470	970.120	1	1	110	2
680999.820	5239986.220	970.130	1	1	121	2
680999.980	5239986.010	970.110	1	1	111	2
680988.350	5239999.950	972.300	1	1	153	2
680988.510	5239999.750	972.230	1	1	167	2
680988.680	5239999.540	972.180	1	1	152	2
680988.860	5239999.310	972.140	1	1	125	2
680989.040	5239999.080	972.140	1	1	123	2
680989.210	5239998.870	972.090	1	1	110	2
680989.400	5239998.630	972.040	1	1	114	2
680989.550	5239998.450	971.980	1	1	100	2
680989.740	5239998.210	972.000	1	1	104	2
680989.910	5239998.000	971.950	1	1	152	2
680990.080	5239997.780	971.890	1	1	118	2
680990.250	5239997.560	971.830	1	1	105	2
680990.420	5239997.350	971.800	1	1	123	2
680990.600	5239997.130	971.760	1	1	125	2
680990.760	5239996.930	971.690	1	1	121	2
680990.930	5239996.720	971.640	1	1	128	2
680991.090	5239996.530	971.570	1	1	121	2
680991.280	5239996.280	971.570	1	1	107	2
680991.460	5239996.050	971.560	1	1	125	2
680991.660	5239995.790	971.610	1	1	105	2
680991.870	5239995.510	971.700	1	1	54	2
680992.010	5239995.350	971.550	1	1	95	2
680992.180	5239995.140	971.530	1	1	110	2
680992.360	5239994.910	971.520	1	1	108	2
680992.530	5239994.700	971.440	1	1	90	2
680992.760	5239994.400	971.600	1	1	60	3
680992.880	5239994.250	971.400	1	1	101	2
680993.070	5239994.010	971.390	1	1	103	2
680993.230	5239993.820	971.320	1	1	132	2
680993.380	5239993.630	971.240	1	1	88	2
680993.550	5239993.420	971.200	1	1	104	2
680993.730	5239993.210	971.130	1	1	119	2
680993.910	5239992.970	971.110	1	1	107	2
680994.070	5239992.770	971.060	1	1	118	2
680994.260	5239992.530	971.050	1	1	136	2
680994.430	5239992.330	971.000	1	1	113	2
680994.580	5239992.140	970.910	1	1	121	2
680994.750	5239991.920	970.900	1	1	96	2
680994.970	5239991.640	970.990	1	1	88	2
680995.170	5239991.380	971.040	1	1	111	2
680995.370	5239991.110	971.170	1	1	107	3
680995.490	5239990.980	970.890	1	1	88	2
680995.650	5239990.780	970.820	1	1	56	2
680995.920	5239990.410	971.170	1	1	43	3
680996.020	5239990.310	970.900	1	1	77	3
680996.150	5239990.160	970.670	1	1	101	2
680996.330	5239989.930	970.630	1	1	75	2
680996.530	5239989.670	970.720	1	1	106	2
680996.680	5239989.480	970.620	1	1	125	2
680996.850	5239989.270	970.570	1	1	104	2
680997.020	5239989.060	970.540	1	1	92	2
680997.180	5239988.870	970.450	1	1	102	2
680997.350	5239988.660	970.420	1	1	103	2
680997.550	5239988.400	970.430	1	1	97	2
680997.710	5239988.200	970.370	1	1	88	2
680997.890	5239987.970	970.350	1	1	106	2
680998.040	5239987.780	970.270	1	1	107	2
680998.220	5239987.560	970.250	1	1	110	2
680998.400	5239987.330	970.270	1	1	101	2
680998.560	5239987.140	970.180	1	1	96	2
680998.750	5239986.890	970.170	1	1	114	2
680998.910	5239986.680	970.150	1	1	130	2
680999.100	5239986.460	970.120	1	1	161	2
680999.270	5239986.230	970.130	1	1	116	2
680999.440	5239986.020	970.100	1	1	95	2
680999.600	5239985.810	970.060	1	1	110	2
680999.790	5239985.580	970.040	1	1	129	2
680999.960	5239985.370	970.000	1	1	128	2
680988.030	5239999.830	972.300	1	1	153	2
680988.210	5239999.610	972.250	1	1	141	2
680988.380	5239999.390	972.160	1	1	156	2
680988.540	5239999.190	972.140	1	1	129	2
680988.750	5239998.920	972.170	1	1	146	2
680988.910	5239998.730	972.100	1	1	119	2
680989.070	5239998.530	972.030	1	1	129	2
680989.230	5239998.330	971.990	1	1	110	2
680989.420	5239998.090	971.960	1	1	113	2
680989.610	5239997.850	971.940	1	1	147	2
680989.770	5239997.650	971.890	1	1	158	2
680989.950	5239997.420	971.850	1	1	114	2
680990.110	5239997.210	971.810	1	1	107	2
680990.280	5239997.010	971.750	1	1	106	2
680990.440	5239996.810	971.700	1	1	136	2
680990.620	5239996.580	971.670	1	1	140	2
680990.800	5239996.360	971.610	1	1	133	2
680990.970	5239996.150	971.560	1	1	105	2
680991.160	5239995.910	971.560	1	1	103	2
680991.330	5239995.700	971.530	1	1	114	2
680991.500	5239995.470	971.530	1	1	125	2
